Cl      -1.2502022793      2.2628677164      2.7634723757                 
C       -1.8116946569      2.8768852171      1.2234205506                 
C       -2.8407738441      3.8186368006      1.1806231311                 
H       -3.2922434371      4.1696995865      2.1019418959                 
C       -3.2880542687      4.3078426284     -0.0477399183                 
H       -4.0875348959      5.0395411795     -0.0819843567                 
C       -2.7066753248      3.8556923259     -1.2333185452                 
Cl      -3.2699613651      4.4712709734     -2.7722472057                 
C       -1.6774007111      2.9137763073     -1.1904914342                 
Cl      -0.9458342081      2.3443714349     -2.6754780230                 
C       -1.2303900884      2.4247980816      0.0379117680                 
H       -0.4309882647      1.6932417778      0.0710722195                 
Cl       0.7635002002     -1.0594935446     11.3874326831                 
C        0.4684614118     -0.7548790220      9.6891356209                 
C       -0.8077154752     -0.3917224744      9.2564446079                 
H       -1.6163104330     -0.2983967580      9.9729379046                 
C       -1.0423171417     -0.1489759441      7.9020834739                 
H       -2.0335001810      0.1332228786      7.5649711313                 
C       -0.0012763628     -0.2692278945      6.9802624786                 
Cl      -0.2988483425      0.0359344911      5.2823433318                 
C        1.2751376809     -0.6324408347      7.4130316747                 
Cl       2.5832955888     -0.7842368505      6.2596864344                 
C        1.5093982155     -0.8751098859      8.7673308893                 
H        2.5007700068     -1.1572061441      9.1033683714                 
Cl       2.5702452677      1.5394368381     18.3576504515                 
C        1.8001001236      0.6712574058     17.0472059736                 
C        2.0268273318     -0.6965382105     16.8876391760                 
H        2.6803387341     -1.2210615559     17.5759276791                 
C        1.4124304936     -1.3882335458     15.8424923014                 
H        1.5880009862     -2.4509360604     15.7177420786                 
C        0.5714094587     -0.7127001447     14.9568746497                 
Cl      -0.1976340564     -1.5831664015     13.6471177404                 
C        0.3446309668      0.6553440659     15.1164747169                 
Cl      -0.7096113916      1.5059372331     14.0076065104                 
C        0.9591251049      1.3466977790     16.1616156771                 
H        0.7829490640      2.4092098164     16.2855014708                 
Cl       1.1633115790      6.9348895688      2.8831996814                 
C        0.1771129982      7.3008164364      1.4840711340                 
C       -1.0607676548      6.6774950801      1.3202004118                 
H       -1.4112069818      5.9664192191      2.0601068501                 
C       -1.8466694357      6.9697153956      0.2043045479                 
H       -2.8085660344      6.4859261344      0.0761343147                 
C       -1.3952053471      7.8850036377     -0.7477803557                 
Cl      -2.3833149922      8.2492862061     -2.1461605602                 
C       -0.1570998531      8.5084373485     -0.5838554578                 
Cl       0.4123946309      9.6569780875     -1.7759657001                 
C        0.6285026395      8.2160256560      0.5320373483                 
H        1.5900841570      8.7002699413      0.6592614583                 
Cl       1.3856673592      8.8524407103     10.8302604385                 
C        0.5551819230      8.7147582215      9.2955330106                 
C       -0.7935421973      8.3576943080      9.2611782916                 
H       -1.3266124640      8.1656258602     10.1857560015                 
C       -1.4551819750      8.2480661890      8.0370572268                 
H       -2.5030501010      7.9707024235      8.0093722766                 
C       -0.7686576834      8.4953623130      6.8473054012                 
Cl      -1.6014178260      8.3570117766      5.3136912816                 
C        0.5803109749      8.8525018545      6.8816643090                 
Cl       1.4446108789      9.1634248517      5.3914170303                 
C        1.2416137395      8.9620258272      8.1058276077                 
H        2.2893122369      9.2394022916      8.1324297206                 
Cl       0.6511545366      6.7530103381     17.8228952471                 
C       -0.1803744918      7.3696214389     16.4113450269                 
C       -1.5749939821      7.4166404605     16.3877372579                 
H       -2.1430748965      7.0709700926     17.2443229382                 
C       -2.2374442022      7.9084194913     15.2618727048                 
H       -3.3209533903      7.9453250654     15.2426355466                 
C       -1.5058517039      8.3531970200     14.1596360021                 
Cl      -2.3397549935      8.9694225456     12.7491488526                 
C       -0.1109762897      8.3061799929     14.1832496853                 
Cl       0.8099262099      8.8631870032     12.8025954337                 
C        0.5511211177      7.8143820006     15.3091512739                 
H        1.6344735718      7.7778921086     15.3274122912                 
Cl       8.1188864296     -3.4187546654      3.6437676638                 
C        8.2005002982     -2.4885263778      2.1632051643                 
C        7.0410814289     -1.9261542098      1.6272787999                 
H        6.0897364056     -2.0658299142      2.1286085155                 
C        7.1068420930     -1.1845137086      0.4466421906                 
H        6.2065725050     -0.7472071038      0.0295063293                 
C        8.3315414965     -1.0050074824     -0.1982817884                 
Cl       8.4105710133     -0.0742923548     -1.6788402450                 
C        9.4911634886     -1.5674811924      0.3377651676                 
Cl      11.0290066570     -1.3444213633     -0.4683857662                 
C        9.4250815943     -2.3090095561      1.5182995797                 
H       10.3257718535     -2.7458300222      1.9345476477                 
Cl       9.5207415495      0.1938533697     10.8091940850                 
C        8.6471440439      0.0606278308      9.2981913850                 
C        7.2879492994     -0.2560675974      9.3032203239                 
H        6.7734663509     -0.4195361578     10.2436901346                 
C        6.5919277481     -0.3621640172      8.0980002399                 
H        5.5359004901     -0.6081775696      8.1009134463                 
C        7.2545375420     -0.1516875339      6.8877819566                 
Cl       6.3786759762     -0.2854972489      5.3779594268                 
C        8.6139789945      0.1650761698      6.8827499118                 
Cl       9.4483556707      0.4297473849      5.3667389963                 
C        9.3096617851      0.2710792219      8.0880222614                 
H       10.3654919433      0.5170960145      8.0840308096                 
Cl       9.5154720000     -0.2104320000     18.7812240000                 
C        8.6563840000     -0.0941280000     17.2605120000                 
C        7.2620000000     -0.0367360000     17.2490640000                 
H        6.7111840000     -0.0642400000     18.1827600000                 
C        6.5775680000      0.0559840000     16.0361280000                 
H        5.4942240000      0.1006240000     16.0262640000                 
C        7.2869440000      0.0913440000     14.8346640000                 
Cl       6.4255040000      0.2076800000     13.3151280000                 
C        8.6815840000      0.0339520000     14.8461120000                 
Cl       9.5746560000      0.0780640000     13.3411200000                 
C        9.3656640000     -0.0587680000     16.0590960000                 
H       10.4488320000     -0.1033440000     16.0679040000                 
Cl       9.5409640894      8.4943223845      1.4399878138                 
C        8.7160208024      8.2660578232     -0.0869092583                 
C        7.3467948660      7.9967242125     -0.1071917348                 
H        6.7943612314      7.9289591605      0.8234656224                 
C        6.6895865003      7.8147948102     -1.3250738136                 
H        5.6258015632      7.6054966930     -1.3418258388                 
C        7.4010364318      7.9020962289     -2.5226778843                 
Cl       6.5737690615      7.6734257264     -4.0484131680                 
C        8.7705107759      8.1714915249     -2.5023709004                 
Cl       9.6660996675      8.2817149465     -4.0024935488                 
C        9.4273755831      8.3533436391     -1.2844418948                 
H       10.4910011939      8.5625624570     -1.2687714419                 
Cl       9.4122191199      7.5072729708     10.7041388357                 
C        8.7336709230      7.7524036683      9.1092927331                 
C        7.7906471711      8.7595071013      8.8991011144                 
H        7.4785887876      9.3899890319      9.7243345601                 
C        7.2499495866      8.9544426916      7.6271325068                 
H        6.5172165124      9.7366470147      7.4628663711                 
C        7.6518949600      8.1427044629      6.5652938433                 
Cl       6.9718300636      8.3898229426      4.9712277256                 
C        8.5950990322      7.1354224730      6.7755191960                 
Cl       9.1016205768      6.1153658938      5.4460663440                 
C        9.1355535726      6.9407459912      8.0474871933                 
H        9.8680974630      6.1584007181      8.2106829016                 
Cl       7.4562935657      9.2801746431     16.0378973531                 
C        6.6404733827      8.2367955154     14.8933794529                 
C        5.3872499937      7.7062334527     15.2026797484                 
H        4.9192854170      7.9407556253     16.1523910002                 
C        4.7372554801      6.8743090595     14.2896261697                 
H        3.7635567078      6.4616372538     14.5290774840                 
C        5.3399628123      6.5727485817     13.0674209774                 
Cl       4.5220636674      5.5290396555     11.9244794827                 
C        6.5934112562      7.1034149285     12.7580573488                 
Cl       7.3524108321      6.7273610121     11.2260562126                 
C        7.2430964817      7.9352205902     13.6712391917                 
H        8.2166064518      8.3473265237     13.4308966141                 
C        5.5577865127      3.8721152575      7.9669350082                 
C        5.0991833151      2.5716043403      7.7776471153                 
C        3.8104162514      2.3251022980      7.3033495760                 
C        2.9983010309      3.4125869479      7.0255005509                 
C        4.7429256344      4.9713004294      7.6882678021                 
C        3.4647454175      4.7337888327      7.2179600581                 
C        1.6242055253      3.4789631229      6.5253755904                 
C        2.3751162090      5.6916339854      6.8364388793                 
C        1.2578223991      4.7737385720      6.4135402600                 
H        6.5736971694      4.0374983514      8.3403327585                 
H        5.7593482139      1.7279284826      8.0042008905                 
H        3.4496010692      1.3030908769      7.1544425604                 
H        5.1070177841      5.9919748125      7.8383418126                 
H        1.0303149154      2.5965241906      6.2938089234                 
H        2.6835192849      6.3620809855      6.0136320743                 
H        2.0743209812      6.3346634974      7.6836030164                 
H        0.2994308418      5.1586855434      6.0704724411                