Cl       1.4863418169     -0.3400061457      2.6200413995                 
C        0.7044897270     -0.1720386882      1.0629371047                 
C       -0.6885436965     -0.1589393996      0.9790368192                 
H       -1.2861703646     -0.2528751255      1.8789921325                 
C       -1.3113710663     -0.0249700060     -0.2628945014                 
H       -2.3936118596     -0.0146872496     -0.3290621705                 
C       -0.5417488356      0.0959016163     -1.4209427223                 
Cl      -1.3260168793      0.2637687251     -2.9770035355                 
C        0.8515392909      0.0827974438     -1.3370265076                 
Cl       1.8200725094      0.2341624549     -2.7873961622                 
C        1.4740146543     -0.0511719492     -0.0950636236                 
H        2.5561287404     -0.0613387782     -0.0299708147                 
Cl       1.5154708703     -0.2104291182     11.7812200774                 
C        0.6563847335     -0.0941318775     10.2605210593                 
C       -0.7380070330     -0.0367430121     10.2490716930                 
H       -1.2888172068     -0.0642437354     11.1827488233                 
C       -1.4224370500      0.0559878702      9.0361365458                 
H       -2.5057830291      0.1006290097      9.0262527998                 
C       -0.7130588486      0.0913508812      7.8346641018                 
Cl      -1.5745029716      0.2076848372      6.3151373930                 
C        0.6815878211      0.0339490684      7.8461162787                 
Cl       1.5746601051      0.0780592539      6.3411191744                 
C        1.3656682346     -0.0587679519      9.0591013255                 
H        2.4488333744     -0.1033432255      9.0679137279                 
Cl       3.9021718816     -1.5379573593     20.1151167365                 
C        2.7621817831     -1.1964448099     18.8314223429                 
C        1.4092197491     -1.0235646859     19.1269881829                 
H        1.0647081569     -1.1009356093     20.1522816160                 
C        0.5007114203     -0.7512632012     18.1029180418                 
H       -0.5506465002     -0.6167927509     18.3315952184                 
C        0.9446023756     -0.6517743411     16.7834231401                 
Cl      -0.1974340558     -0.3101510942     15.5013828398                 
C        2.2978116372     -0.8246885771     16.4878037648                 
Cl       2.8581862364     -0.7006203657     14.8339816811                 
C        3.2059916675     -1.0969526345     17.5119993014                 
H        4.2569576591     -1.2312333595     17.2823245205                 
Cl       1.5154708703      8.7895708818      2.7812200774                 
C        0.6563847335      8.9058681225      1.2605210593                 
C       -0.7380070330      8.9632569879      1.2490716930                 
H       -1.2888172068      8.9357562646      2.1827488233                 
C       -1.4224370500      9.0559878702      0.0361365458                 
H       -2.5057830291      9.1006290097      0.0262527998                 
C       -0.7130588486      9.0913508812     -1.1653358982                 
Cl      -1.5745029716      9.2076848372     -2.6848626070                 
C        0.6815878211      9.0339490684     -1.1538837213                 
Cl       1.5746601051      9.0780592539     -2.6588808256                 
C        1.3656682346      8.9412320481      0.0591013255                 
H        2.4488333744      8.8966567745      0.0679137279                 
Cl       1.5154708703      8.7895708818     11.7812200774                 
C        0.6563847335      8.9058681225     10.2605210593                 
C       -0.7380070330      8.9632569879     10.2490716930                 
H       -1.2888172068      8.9357562646     11.1827488233                 
C       -1.4224370500      9.0559878702      9.0361365458                 
H       -2.5057830291      9.1006290097      9.0262527998                 
C       -0.7130588486      9.0913508812      7.8346641018                 
Cl      -1.5745029716      9.2076848372      6.3151373930                 
C        0.6815878211      9.0339490684      7.8461162787                 
Cl       1.5746601051      9.0780592539      6.3411191744                 
C        1.3656682346      8.9412320481      9.0591013255                 
H        2.4488333744      8.8966567745      9.0679137279                 
Cl       1.5154708703      8.7895708818     20.7812200774                 
C        0.6563847335      8.9058681225     19.2605210593                 
C       -0.7380070330      8.9632569879     19.2490716930                 
H       -1.2888172068      8.9357562646     20.1827488233                 
C       -1.4224370500      9.0559878702     18.0361365458                 
H       -2.5057830291      9.1006290097     18.0262527998                 
C       -0.7130588486      9.0913508812     16.8346641018                 
Cl      -1.5745029716      9.2076848372     15.3151373930                 
C        0.6815878211      9.0339490684     16.8461162787                 
Cl       1.5746601051      9.0780592539     15.3411191744                 
C        1.3656682346      8.9412320481     18.0591013255                 
H        2.4488333744      8.8966567745     18.0679137279                 
Cl      10.3653434393      0.2153536225      3.0849189033                 
C        9.5834913494      0.1923057983      1.5189509440                 
C        8.1904579259      0.1950825741      1.4340796367                 
H        7.5928312578      0.2115239938      2.3387747049                 
C        7.5676305561      0.1767000258      0.1850787219                 
H        6.4853897628      0.1788423256      0.1181511038                 
C        8.3372527868      0.1555401132     -0.9790681284                 
Cl       7.5529847431      0.1325198566     -2.5439881547                 
C        9.7305409132      0.1527604311     -0.8941804156                 
Cl      10.6990741317      0.1262415931     -2.3521859892                 
C       10.3530162767      0.1711468267      0.3548518274                 
H       11.4351303628      0.1689885976      0.4206984692                 
Cl      11.4739222825     -0.8872627488     10.8105870089                 
C       10.4080553382     -0.6089848741      9.4502309439                 
C        9.0244980609     -0.6258317032      9.6325449948                 
H        8.6102737695     -0.8114059073     10.6173706506                 
C        8.1751290369     -0.4038593333      8.5473926258                 
H        7.1000612860     -0.4167585719      8.6880765649                 
C        8.7087409037     -0.1650526726      7.2800198459                 
Cl       7.6407022285      0.1129728110      5.9211319904                 
C       10.0925512884     -0.1482052920      7.0976728170                 
Cl      10.7654139579      0.1509878664      5.5095042558                 
C       10.9415807877     -0.3701896793      8.1829225684                 
H       12.0163181898     -0.3570873993      8.0412215442                 
Cl      12.1002012361     -2.8030673659     19.4597834746                 
C       11.0343342918     -2.3610780320     18.1434808392                 
C        9.6507770145     -2.4000177811     18.3223828368                 
H        9.2365527232     -2.7042287991     19.2772519451                 
C        8.8014079905     -2.0474531529     17.2723706559                 
H        7.7263402396     -2.0774013018     17.4104339365                 
C        9.3350198573     -1.6559726326     16.0435478914                 
Cl       8.2669811821     -1.2144127383     14.7286717630                 
C       10.7188302420     -1.6170283171     15.8646132289                 
Cl      11.3916929115     -1.1265162395     14.3247451090                 
C       11.5678597413     -1.9696167410     16.9147206017                 
H       12.6425971434     -1.9393431126     16.7756725617                 
Cl       9.1513618503      6.8085092155      3.9108026253                 
C        8.9777753635      7.5146383107      2.3185309856                 
C        7.7070990661      7.7942981197      1.8136298994                 
H        6.8275107867      7.5738842713      2.4083090694                 
C        7.5693675661      8.3573644417      0.5438891830                 
H        6.5825378272      8.5749903959      0.1507797317                 
C        8.7017732389      8.6408796681     -0.2211471020                 
Cl       8.5255583878      9.3470645915     -1.8132627276                 
C        9.9726814714      8.3611662103      0.2838460663                 
Cl      11.3952662136      8.7154148135     -0.6728674097                 
C       10.1100732048      7.7981535508      1.5535056422                 
H       11.0971688248      7.5809423231      1.9456444610                 
Cl      10.5154708703      8.7895708818     11.7812200774                 
C        9.6563847335      8.9058681225     10.2605210593                 
C        8.2619929670      8.9632569879     10.2490716930                 
H        7.7111827932      8.9357562646     11.1827488233                 
C        7.5775629500      9.0559878702      9.0361365458                 
H        6.4942169709      9.1006290097      9.0262527998                 
C        8.2869411514      9.0913508812      7.8346641018                 
Cl       7.4254970284      9.2076848372      6.3151373930                 
C        9.6815878211      9.0339490684      7.8461162787                 
Cl      10.5746601051      9.0780592539      6.3411191744                 
C       10.3656682346      8.9412320481      9.0591013255                 
H       11.4488333744      8.8966567745      9.0679137279                 
Cl      10.5154708703      8.7895708818     20.7812200774                 
C        9.6563847335      8.9058681225     19.2605210593                 
C        8.2619929670      8.9632569879     19.2490716930                 
H        7.7111827932      8.9357562646     20.1827488233                 
C        7.5775629500      9.0559878702     18.0361365458                 
H        6.4942169709      9.1006290097     18.0262527998                 
C        8.2869411514      9.0913508812     16.8346641018                 
Cl       7.4254970284      9.2076848372     15.3151373930                 
C        9.6815878211      9.0339490684     16.8461162787                 
Cl      10.5746601051      9.0780592539     15.3411191744                 
C       10.3656682346      8.9412320481     18.0591013255                 
H       11.4488333744      8.8966567745     18.0679137279                 
C        6.1239510292      4.5286685870      8.8120259894                 
C        5.6376310292      3.2245765870      8.7946439894                 
C        4.2661740292      2.9681805870      8.7915779894                 
C        3.4002090292      4.0494965870      8.8063239894                 
C        5.2550410292      5.6216625870      8.8269209894                 
C        3.8948210292      5.3743455870      8.8239439894                 
C        1.9374900292      4.1053335870      8.8074759894                 
C        2.7335610292      6.3238755870      8.8367979894                 
C        1.5456460292      5.3973705870      8.8248749894                 
H        7.2050880292      4.7018545870      8.8140619894                 
H        6.3415120292      2.3859265870      8.7831969894                 
H        3.8835440292      1.9433535870      8.7779179894                 
H        5.6411550292      6.6451825870      8.8405599894                 
H        1.3065670292      3.2182875870      8.7957589894                 
H        2.7363440292      6.9921995870      7.9564739894                 
H        2.7368160292      6.9691535870      9.7341629894                 
H        0.5249710292      5.7749865870      8.8302349894