Cl       1.5154710000     -0.2104290000      2.7812200000                 
C        0.6563850000     -0.0941320000      1.2605210000                 
C       -0.7380070000     -0.0367430000      1.2490720000                 
H       -1.2888170000     -0.0642440000      2.1827490000                 
C       -1.4224370000      0.0559880000      0.0361360000                 
H       -2.5057830000      0.1006290000      0.0262530000                 
C       -0.7130590000      0.0913510000     -1.1653360000                 
Cl      -1.5745030000      0.2076850000     -2.6848630000                 
C        0.6815880000      0.0339490000     -1.1538840000                 
Cl       1.5746600000      0.0780590000     -2.6588810000                 
C        1.3656680000     -0.0587680000      0.0591020000                 
H        2.4488330000     -0.1033430000      0.0679140000                 
Cl       1.5154710000     -0.2104290000     10.7812200000                 
C        0.6563850000     -0.0941320000      9.2605210000                 
C       -0.7380070000     -0.0367430000      9.2490720000                 
H       -1.2888170000     -0.0642440000     10.1827490000                 
C       -1.4224370000      0.0559880000      8.0361360000                 
H       -2.5057830000      0.1006290000      8.0262530000                 
C       -0.7130590000      0.0913510000      6.8346640000                 
Cl      -1.5745030000      0.2076850000      5.3151370000                 
C        0.6815880000      0.0339490000      6.8461160000                 
Cl       1.5746600000      0.0780590000      5.3411190000                 
C        1.3656680000     -0.0587680000      8.0591020000                 
H        2.4488330000     -0.1033430000      8.0679140000                 
Cl       1.5154710000     -0.2104290000     18.7812200000                 
C        0.6563850000     -0.0941320000     17.2605210000                 
C       -0.7380070000     -0.0367430000     17.2490720000                 
H       -1.2888170000     -0.0642440000     18.1827490000                 
C       -1.4224370000      0.0559880000     16.0361360000                 
H       -2.5057830000      0.1006290000     16.0262530000                 
C       -0.7130590000      0.0913510000     14.8346640000                 
Cl      -1.5745030000      0.2076850000     13.3151370000                 
C        0.6815880000      0.0339490000     14.8461160000                 
Cl       1.5746600000      0.0780590000     13.3411190000                 
C        1.3656680000     -0.0587680000     16.0591020000                 
H        2.4488330000     -0.1033430000     16.0679140000                 
Cl       1.5154710000      7.7895710000      2.7812200000                 
C        0.6563850000      7.9058680000      1.2605210000                 
C       -0.7380070000      7.9632570000      1.2490720000                 
H       -1.2888170000      7.9357560000      2.1827490000                 
C       -1.4224370000      8.0559880000      0.0361360000                 
H       -2.5057830000      8.1006290000      0.0262530000                 
C       -0.7130590000      8.0913510000     -1.1653360000                 
Cl      -1.5745030000      8.2076850000     -2.6848630000                 
C        0.6815880000      8.0339490000     -1.1538840000                 
Cl       1.5746600000      8.0780590000     -2.6588810000                 
C        1.3656680000      7.9412320000      0.0591020000                 
H        2.4488330000      7.8966570000      0.0679140000                 
Cl       1.5154710000      7.7895710000     10.7812200000                 
C        0.6563850000      7.9058680000      9.2605210000                 
C       -0.7380070000      7.9632570000      9.2490720000                 
H       -1.2888170000      7.9357560000     10.1827490000                 
C       -1.4224370000      8.0559880000      8.0361360000                 
H       -2.5057830000      8.1006290000      8.0262530000                 
C       -0.7130590000      8.0913510000      6.8346640000                 
Cl      -1.5745030000      8.2076850000      5.3151370000                 
C        0.6815880000      8.0339490000      6.8461160000                 
Cl       1.5746600000      8.0780590000      5.3411190000                 
C        1.3656680000      7.9412320000      8.0591020000                 
H        2.4488330000      7.8966570000      8.0679140000                 
Cl       1.5154710000      7.7895710000     18.7812200000                 
C        0.6563850000      7.9058680000     17.2605210000                 
C       -0.7380070000      7.9632570000     17.2490720000                 
H       -1.2888170000      7.9357560000     18.1827490000                 
C       -1.4224370000      8.0559880000     16.0361360000                 
H       -2.5057830000      8.1006290000     16.0262530000                 
C       -0.7130590000      8.0913510000     14.8346640000                 
Cl      -1.5745030000      8.2076850000     13.3151370000                 
C        0.6815880000      8.0339490000     14.8461160000                 
Cl       1.5746600000      8.0780590000     13.3411190000                 
C        1.3656680000      7.9412320000     16.0591020000                 
H        2.4488330000      7.8966570000     16.0679140000                 
Cl       9.5154710000     -0.2104290000      2.7812200000                 
C        8.6563850000     -0.0941320000      1.2605210000                 
C        7.2619930000     -0.0367430000      1.2490720000                 
H        6.7111830000     -0.0642440000      2.1827490000                 
C        6.5775630000      0.0559880000      0.0361360000                 
H        5.4942170000      0.1006290000      0.0262530000                 
C        7.2869410000      0.0913510000     -1.1653360000                 
Cl       6.4254970000      0.2076850000     -2.6848630000                 
C        8.6815880000      0.0339490000     -1.1538840000                 
Cl       9.5746600000      0.0780590000     -2.6588810000                 
C        9.3656680000     -0.0587680000      0.0591020000                 
H       10.4488330000     -0.1033430000      0.0679140000                 
Cl       9.5154710000     -0.2104290000     10.7812200000                 
C        8.6563850000     -0.0941320000      9.2605210000                 
C        7.2619930000     -0.0367430000      9.2490720000                 
H        6.7111830000     -0.0642440000     10.1827490000                 
C        6.5775630000      0.0559880000      8.0361360000                 
H        5.4942170000      0.1006290000      8.0262530000                 
C        7.2869410000      0.0913510000      6.8346640000                 
Cl       6.4254970000      0.2076850000      5.3151370000                 
C        8.6815880000      0.0339490000      6.8461160000                 
Cl       9.5746600000      0.0780590000      5.3411190000                 
C        9.3656680000     -0.0587680000      8.0591020000                 
H       10.4488330000     -0.1033430000      8.0679140000                 
Cl       9.5154710000     -0.2104290000     18.7812200000                 
C        8.6563850000     -0.0941320000     17.2605210000                 
C        7.2619930000     -0.0367430000     17.2490720000                 
H        6.7111830000     -0.0642440000     18.1827490000                 
C        6.5775630000      0.0559880000     16.0361360000                 
H        5.4942170000      0.1006290000     16.0262530000                 
C        7.2869410000      0.0913510000     14.8346640000                 
Cl       6.4254970000      0.2076850000     13.3151370000                 
C        8.6815880000      0.0339490000     14.8461160000                 
Cl       9.5746600000      0.0780590000     13.3411190000                 
C        9.3656680000     -0.0587680000     16.0591020000                 
H       10.4488330000     -0.1033430000     16.0679140000                 
Cl       9.5154710000      7.7895710000      2.7812200000                 
C        8.6563850000      7.9058680000      1.2605210000                 
C        7.2619930000      7.9632570000      1.2490720000                 
H        6.7111830000      7.9357560000      2.1827490000                 
C        6.5775630000      8.0559880000      0.0361360000                 
H        5.4942170000      8.1006290000      0.0262530000                 
C        7.2869410000      8.0913510000     -1.1653360000                 
Cl       6.4254970000      8.2076850000     -2.6848630000                 
C        8.6815880000      8.0339490000     -1.1538840000                 
Cl       9.5746600000      8.0780590000     -2.6588810000                 
C        9.3656680000      7.9412320000      0.0591020000                 
H       10.4488330000      7.8966570000      0.0679140000                 
Cl       9.5154710000      7.7895710000     10.7812200000                 
C        8.6563850000      7.9058680000      9.2605210000                 
C        7.2619930000      7.9632570000      9.2490720000                 
H        6.7111830000      7.9357560000     10.1827490000                 
C        6.5775630000      8.0559880000      8.0361360000                 
H        5.4942170000      8.1006290000      8.0262530000                 
C        7.2869410000      8.0913510000      6.8346640000                 
Cl       6.4254970000      8.2076850000      5.3151370000                 
C        8.6815880000      8.0339490000      6.8461160000                 
Cl       9.5746600000      8.0780590000      5.3411190000                 
C        9.3656680000      7.9412320000      8.0591020000                 
H       10.4488330000      7.8966570000      8.0679140000                 
Cl       9.5154710000      7.7895710000     18.7812200000                 
C        8.6563850000      7.9058680000     17.2605210000                 
C        7.2619930000      7.9632570000     17.2490720000                 
H        6.7111830000      7.9357560000     18.1827490000                 
C        6.5775630000      8.0559880000     16.0361360000                 
H        5.4942170000      8.1006290000     16.0262530000                 
C        7.2869410000      8.0913510000     14.8346640000                 
Cl       6.4254970000      8.2076850000     13.3151370000                 
C        8.6815880000      8.0339490000     14.8461160000                 
Cl       9.5746600000      8.0780590000     13.3411190000                 
C        9.3656680000      7.9412320000     16.0591020000                 
H       10.4488330000      7.8966570000     16.0679140000                 
C        5.0926345934      3.6739336322      8.9405659747                 
C        4.6063145934      2.3698416322      8.9231839747                 
C        3.2348575934      2.1134456322      8.9201179747                 
C        2.3688925934      3.1947616322      8.9348639747                 
C        4.2237245934      4.7669276322      8.9554609747                 
C        2.8635045934      4.5196106322      8.9524839747                 
C        0.9061735934      3.2505986322      8.9360159747                 
C        1.7022445934      5.4691406322      8.9653379747                 
C        0.5143295934      4.5426356322      8.9534149747                 
H        6.1737715934      3.8471196322      8.9426019747                 
H        5.3101955934      1.5311916322      8.9117369747                 
H        2.8522275934      1.0886186322      8.9064579747                 
H        4.6098385934      5.7904476322      8.9690999747                 
H        0.2752505934      2.3635526322      8.9242989747                 
H        1.7050275934      6.1374646322      8.0850139747                 
H        1.7054995934      6.1144186322      9.8627029747                 
H       -0.5063454066      4.9202516322      8.9587749747                 